0005310151557397,
0007116541401886,
0010059982369237,
0010606333823322,
0113358938962352,
0116664891372402,
0132525563124805,
0150744339498681,
0158396135759569,
0193800655822236,
0212560945287438,
0214208258446989,
0240727202409283,
0253185816133170,
0264099217851518,
0305986529019056,
0325434660272952,
0325774815250436,
0348230479713904,
0350145698631760,
0385008541506324,
0385853855832023,
0409739135940833,
0418195478667536,
0440635067154287,
0456313288097552,
0477372560237713,
0495042122933006,
0533478799781203,
0547980334763337,
0567535260948255,
0635730699859879,
0641429569969985,
0654339745499103,
0701410607312253,
0740823745546258,
0755022986625407,
0783946412616940,
0828484823549805,
0829567751120816,
0831829927120156,
0882334814696606,
0943612397817398,
0956150565396190,
0976325293048688,
0984981565840092,
1020759455718589,
1037953729687056,
1060672513722848,
1114178339324957,
1136185438288211,
1149299035161212,
1171778056553682,
1184052480148954,
1184989032961375,
1219578681042181,
1227065353827577,
1243357067310376,
1245682473565101,
1263665448871342,
1269117630341927,
1275260064184453,
1287433578369530,
1289652910473591,
1290523863398216,
1294400340468760,
1298493696023475,
1341472368200018,
1343893405918402,
1360270079973291,
1361983576622775,
1378785342178673,
1380591061118624,
1392572202300929,
1399522237877241,
1412851482888505,
1467973939386430,
1477529535162564,
1482591444888523,
1500293755323643,
1531481406840476,
1548788734980219,
1561498633983716,
1562370131151165,
1574928392651662,
1587584226169037,
1606128499503996,
1613367374407800,
1626235704561123,
1637563178888054,
1672534026646983,
1676441967338951,
1691368864172107,
1709417507688043,
1720821620296710,
1764262095813530,
1773632444662337,
1808152829261887,
1837391199084296,
1843565081427893,
1874540690449252,
1877424801215059,
1880503443586162,
1917000540207929,
1922437552439277,
1954323414749860,
1983360963728443,
1988284832674387,
2044556447848340,
2124173477628206,
2124746743910420,
2127043376878064,
2135635599151094,
2141239579165029,
2178547233490474,
2190582972016143,
2196992093822778,
2204498911226615,
2209385674223492,
2216315752135003,
2224417928417957,
2244557808171693,
2260383331783977,
2281295808160613,
2348701471876934,
2423402486763706,
2481504572434928,
2481571735564327,
2482749522621266,
2490086483576693,
2492233349414455,
2511574262172607,
2527814275972063,
2544777478582521,
2554650999309105,
2556975843639145,
2575251630395780,
2596474942278142,
2610643410918517,
2617028557134908,
2624923967171911,
2632009757379848,
2683140408353450,
2693811860467937,
2709950288099457,
2710543122022146,
2737996784372277,
2782003819237101,
2786303182730190,
2801935421689990,
2825919244360915,
2841164983984801,
2841673131254050,
2843199522792386,
2849734134066469,
2870007335662465,
2922621544137389,
2972921223607055,
3027520048329119,
3045331340908225,
3048871201939595,
3107162656787797,
3122782016434254,
3181821287267994,
3215722226281353,
3241604325520814,
3255253758890495,
3265742674974510,
3274373326320850,
3308353239983218,
3335633004443074,
3355962773202488,
3366825974650112,
3390982816883934,
3473778794900549,
3485536205985012,
3488060549301421,
3496243990342796,
3532210527296557,
3545514996188752,
3548359744951885,
3581674972900661,
3658216979167312,
3661292370449756,
3670341738134495,
3676151036764485,
3676318479971959,
3689383775662959,
3723160806551061,
3732103530797471,
3732139132734101,
3733256113818076,
3750573841457733,
3775870793554046,
3811543057922080,
3824233448154513,
3850102933532899,
3897114186175953,
3969762345183040,
4001262323489703,
4013728117052720,
4034314654008042,
4106688119632858,
4142996925699081,
4145136931394731,
4147012810751650,
4157603540306547,
4167067165614567,
4171303834214441,
4190757874421966,
4191368691233978,
4221255595950998,
4257917767685033,
4284392208385293,
4292676348540675,
4295430986540124,
4297450731694405,
4343798101237035,
4361840482376714,
4364315152638036,
4411556383720788,
4433693166068438,
4442920811345896,
4460906471161812,
4478584213968913,
4505855447958951,
4541269349724576,
4578192288147035,
4656361724204510,
4663924091782830,
4689085178182047,
4734064186603316,
4738502312211227,
4754423242499142,
4812016825099254,
4822904147812798,
4836127853154461,
4839890011732074,
4855095056721191,
4884255847385519,
4972698026123559,
4985782802594542,
5023031224445472,
5023952516395544,
5029842803618378,
5031892428225463,
5043053329033044,
5046910549376412,
5066508129156314,
5090993041155113,
5092021306523709,
5115674436246644,
5121515870052266,
5153902647959948,
5157414815078550,
5168794769407795,
5181558617108828,
5186691601944202,
5187162070944059,
5206354782426860,
5221739281762579,
5253065401032482,
5334160726902961,
5341944613219918,
5368944666056512,
5374931309092441,
5377825471001790,
5394322139148448,
5410088535228494,
5464850501002688,
5494620662107642,
5499291605020875,
5512140474422917,
5515587703068053,
5528628636923256,
5544834203408615,
5546443111067708,
5550778204809457,
5573607282308013,
5585141610541994,
5693410602743356,
5717307958113119,
5726211074615946,
5773360897413739,
5821422839916923,
5823897298012284,
5877540397389603,
5894450991118080,
5949713689446124,
5963077004657610,
5976336597868303,
6052703354972904,
6108825541143930,
6147850751122214,
6149191168794013,
6171895464295555,
6180019303336522,
6182183728680572,
6194145060517256,
6210858304228586,
6245069813653172,
6246366750055083,
6250770523111594,
6263151548436734,
6291735880893757,
6330482502945230,
6343947774005456,
6420020306180390,
6519956371324328,
6535997534850566,
6538390657841706,
6542316618953496,
6550693362002977,
6614484901618172,
6616906057498371,
6633862654433467,
6641852927451969,
6657082379456682,
6666969598062598,
6676940690147502,
6677124970615434,
6684384864536294,
6699136319528826,
6730722686472778,
6749131934910180,
6749964662558443,
6752687385714012,
6772085183251168,
6821680247774543,
6838253544665762,
6854786205996991,
6857311706771272,
6870723310723195,
6879907687704884,
6894100533869006,
6922637826206412,
6930179339527732,
6937651080536629,
6942758376445756,
6964032517622940,
6987006734732868,
7001228875283313,
7011536282433298,
7021953960352073,
7038386072731243,
7038901419997603,
7043523743161066,
7048789914255469,
7064181625940753,
7081007258906621,
7124333959422790,
7130362138995696,
7136344318362270,
7142619530244859,
7150062443520111,
7154000841129143,
7192936933891813,
7209518608024222,
7217334706568661,
7218581918050487,
7224970305073139,
7262357798318068,
7290588974774580,
7309243004818975,
7344023505595642,
7376444459440311,
7389740908636484,
7400120278842395,
7435606524895354,
7452807704139610,
7577772992777777,
7582475123495695,
7615069360267992,
7624842753723514,
7631238292505696,
7639515485637696,
7659491102553324,
7695461477486697,
7758228924999135,
7838061386770370,
7871075337953243,
7925311873813314,
7927178101016811,
7935390693989024,
7943796043730961,
7952890758210775,
7975195053769500,
8003168800901255,
8040403752357165,
8103785678087226,
8113820298034070,
8133183172235210,
8147796149922070,
8161722781092895,
8176093588722349,
8176744275506161,
8247177768048478,
8263607330411860,
8264896482664746,
8275296252934547,
8290341319481911,
8308808308690931,
8332555785927650,
8371581610640318,
8413513414035217,
8422400366670680,
8432964715612693,
8481196702387055,
8481706627746938,
8497227554699926,
8555651434578323,
8569558664528384,
8570427554409507,
8601695600882959,
8642128462270383,
8645141775293983,
8696195502605413,
8759847563199988,
8766340331197112,
8821225019776130,
8830057861752585,
8861521542525305,
8873014941576290,
8878380571851447,
8878751831099402,
8905743024354392,
8922587549718409,
8928614952711247,
8950070027925947,
8966176911134547,
9006112190726053,
9093231145024009,
9094874671831919,
9099576686702714,
9164577054706184,
9168755811161766,
9186311346129969,
9199665237204995,
9215227281972144,
9220935477704838,
9257510834023469,
9268660822195909,
9284889267277614,
9286181470946843,
9289013397593817,
9374840101405565,
9395431914491994,
9435618241885574,
9496388989181580,
9544440292795468,
9554106280457141,
9561197479914699,
9565146487115334,
9577657011379849,
9591333328220660,
9631447103240693,
9716201146213027,
9728655383069285,
9736007770830715,
9818535631220694,
9822394742356417,
9834227144178712,
9849585709022996,
9900854789197482,
9922877834865886,
9947561295325322,
9958526919681020,
9968278659539945,
9992914820510517